[-1.30038261  4.40665245 19.68215179]

F_M1:
    step = 0.0001
    okolo F = 1.5 vzroste na F = 9, cyklicke => nefunguje

F_M2:
    step = 0.00005
    nefunguje

F_M3:
    step = 0.00002
    i = 2058
    time = 5683.122077465057
    position = [-0.98436356  3.71579266 19.37762642]

F_M4:
    step = 0.00001
    i = 4107
    time = 11608.278566122055
    position = [-0.98446846  3.71592426 19.37762547]

F_M4:
    step_F = 0.0001
    step_M = 0.00001
    i = 379
time = 1033.927001953125
position = [-0.98420906  3.71482849 19.37752628]
